$ANSIBLE_VAULT;1.1;AES256
31356535623564343636363233646366396534376338393334336136646436353836653834363864
6634636332333634613735366338646630653261666266320a643038313530323336333835626231
38663033356636356639353734656638333164383934623336393165353561633062393031613064
3332393530623866660a346130343062343962396335306139633538306361303665383662356238
64323263346430633136623334663537393465343038386337386532663738653937373066333436
63393530313064313338386563383437383833643532633163336661393561333934656138393535
38666533626131643439386132356237363438356535323032306565663165653938366563646635
34303238666239396366383861353561613762333734626530313236363962326566333365633561
61343534393762326564363135653837386533656433323838653533373539323738323937613337
64363432346536666230646231626563346665383630643030633966613963303162623439336164
32383736626638383366626361363039663739613633373266333937643332306238316331663532
61343630653862313838653964326135306334333236373862303363396537303663306135393164
32663165333165376464313031373337363433353538323466383365306237336233313134646466
33313161393665333738316132383465313437373464373438383238396334356464333637623931
32306661343332313839393633636666383637633065663566613234393864323763643237616564
31323837313433393832
