$ANSIBLE_VAULT;1.1;AES256
30303866326265343633633665626433613332373336643362393032346461396362323566323164
3665363138646438663431666335353138306531656538640a633836383161643931303464323331
65656162373033323465336537393434363165623233653539376133363265356234316566336463
6430386238303333340a613464336337303338663338363863666231323566303233336639653838
33623661623661613930626261376564623433356335646565636166376166386263333331366434
35343630376364313134336235323036353936383062363438376536313633343034393161343238
66663461386533653731636363373361393835303363383133663662366265306433313861363237
64303834346438373637653135626436633736366233353061383962353130306335386164356166
62653137336134616237356138396232313834653633646234626135613763356334346566646339
39323838323338663433653531653031626361306337393131313437343662646665393338646139
62363939323865656663333862376231643363333431633562353866333938303939363539353436
35616662333237633935373762386138623631313331336633306338663063333338373833383563
39633437626238666565366666306463346233373131623163313463356532353938663562373933
38373137323332303137343836313130356435376531643031313035333638386432626331393538
65623639623536646664393434396338633630666336333239323764636362393530366533633735
66616461383134643237
