$ANSIBLE_VAULT;1.1;AES256
32616465306638363762353234303434643034653262313563346563643136343235376132396432
6236303364393437303933326563323635666266653263360a636438336562336162346430633661
33316130313533383735383263393437636566656539336239373235383639363331626465376334
6432653064643735310a343536613739363564356265373336373834343531626538353338653564
30383262633938323966313162613536643134303561613062383064316566386436366633646538
65346664323838313330336232313232373330393435636465356461386461653032656234666263
62643339316165666138333864313061313362633438623364393035366136373233626531333434
32363532343835366439666234616138323733663965653862383063373563623132316661356337
38303631653332633366376131333130633935353635343632386236396433316535363365323663
39346665366238626566646232663865343435616538616662383461633435643532386637656138
38363738636164623937353032346431396164616365316363656131306561326365663863336337
39663063326263626136336266346230646235633231633731383961643230353261613531616234
34346262666233306139323463373733376132613536613064366436626337653365353665373932
6135663831356534333635373532626630323635326434633632
