$ANSIBLE_VAULT;1.1;AES256
31393264306232663863616635666237663965303261623037386630306136613735303465373865
3733636539646231383166383338386163393465303431370a353238633163386464303863366437
65326164313866373562373062623237633732396336396139383135656239366562393663333562
3063333731356137650a393364396633373763376666346439663261366537666433353964396330
38353234343331383664383262633533303133656131303862633531326264303632303064626564
37336536373231663030346131346331303134363730363764656365363062383730313065363266
31363139316563653334363337383765333266323361356637383034633130313734346462333262
39343437626334623938336433326238616532313263663235313133623833656237653333636264
66326331393133643662336531396233636533356630396332393638306662373137636133306632
65613838643933393139316662326130613735363464313261643535626639316464343261653131
35323261356638333034373332356239373532393466306633383630353632626531346231613566
30393161373734386633343162646335306431333731613031333439623735323837616462383066
3832
