$ANSIBLE_VAULT;1.1;AES256
36633735373530646636346539666238313961636539323364653134616563373138326532663934
3134336162613065313033653533663434343764626332640a393538313737323461613635333738
32626438383536663138383230646136623963333536666338633831643432636161356664366231
6538366263646263360a323730336137613736316363633734396239623638313932386435333563
33383466313466306664383035393238626466663664386433343965323736636161353038376262
39353964626365396561323066643933663166356438616137656466313564613862646463343632
38323664343862643530323431316432383735613331303765316262356365353762643663376666
30386235313736653034376539613862626162353837626164306361316463386138326433353636
34653132393937633766363061626339373931323134393764636162656231396263653461343930
39343930343065316464656161616631623064303231386533636434633738353334643431363534
61643266643631346336363835313337663563666134333461396637623235666366306638303036
36353136613463386564643939636138623163616135656536383736376138356165363536633838
39623562343262376261353739646465346538626439316562313139623832623837316666613934
39633337623138646138623733663635323463613339653966666433366233353133393265383739
34636532653662633636356639363136396562643036396239396139383863336435326231376132
39356664643061343564383134613833303339643535633434353030306139356338663662333863
64396535323535366637333930336638636162623730663764376137366633646162363239383033
66313034323062386535663466303536666166313737623464313535623866396639343361386264
64333936363431313037646162323733306430396431623666346162366238633530323431316461
66663832306337656562653737383034646639383465646663373939633065653935663065653230
31343032313635383732356239363964643133616136303236356339366139656163306262343636
39313962363633643138653034306438393338626564323634633030393637363636366139313861
31323839643831666335626562383731636362306237373732343466323934613039636664646165
39323639653361623531386566386537376630643866643430363032393037663633666136663263
63653034373564333261386362666339616235333435636533353131653338666436
