$ANSIBLE_VAULT;1.1;AES256
61626265626561306362353533336137303636306431333637373834643134626539633431393966
3964363637353261656336396637313631313531366461320a666637636530383336306434396639
33343138333733666431663535343836653730396435653164613639613035663864653136383166
3834346363356137610a646239373662646632623035663834613931663133356266363161343062
35373831316633613030613138646162323366633464313830383266313561623833656564393035
66303635346538366334343663373961613535363963373733656630353638356238376530363936
30363663633664316632646366636633353165666632306636363463306263613639626635643232
30626139323738646131336438383434343562373036623433616131666564656234323133353930
39306462623836356232353235626564356332643530373265383835323537653934616566353139
37373635353361353963316231343637306539656531316339323261303164396337623331333365
63343933633739373439386361346665646330303630663736616263333065343766663761613065
39626339303832383466393936383663613535313433303065633165313834306164653864363130
65653565333332663766313964656666643963393832373038313234626632636632613337323138
38643665666663633134653333636539323864353434613933326137613865353137373633303238
31356133333136643464386137616337656363396235303431666135313130316530623561656533
32343539383831333436313039373230343237343531343531366264376362656639353861646361
38373265313838616434373261643337633334626539613434643935303436623431393537636336
33353166666634343865313262643663653361616533333765643864303635313132623538343561
39393337376461653864623032343736343737623366376365323038666663313964353833343632
31393161303764366365396239626666613339353965326162386630616234393465636330643138
3965
